Multiple size <= 100
TEST 1 ARG:1 32 82 24 52 55 40 33 74 19 17 10 72 28 29 75 42 97 26 81 47 87 13 70 92 38 98 64 9 11 77 36 58 44 35 15 0 14 90 93 39 7 94 65 5 53 27 22 83 84 76 3 25 8 68 63 78 6 21 46 49 69 67 95 62 41 12 51 59 31 66 2 43 73 91 61 23 96 80 45 88 71 18 48 99 16 86 20 37 85 60 50 54 57 4 30 34 79 89 56
TEST 2 ARG:35 72 28 0 99 19 70 75 5 59 2 24 48 17 77 13 8 49 64 41 94 6 56 79 26 12 37 63 73 39 88 1 10 53 89 43 61 95 14 44 52 76 11 27 60 46 55 66 54 47 16 32 85 7 38 31 82 9 98 96 71 69 68 91 84 33 40 81 42 57 97 92 4 29 80 67 86 87 45 21 78 74 20 22 58 23 93 83 15 30 18 51 36 90 34 25 3 50 65 62
TEST 3 ARG:23 76 84 86 22 74 45 71 72 57 25 73 61 37 68 38 27 19 82 52 4 87 11 10 33 5 99 96 13 21 80 6 40 1 60 66 12 62 35 16 65 41 29 8 51 3 14 18 34 59 44 54 46 75 42 69 93 9 47 50 85 49 17 77 32 28 55 90 7 79 88 39 53 78 63 94 26 20 98 2 97 89 0 15 36 83 92 70 81 56 91 95 24 43 30 64 31 58 67 48
TEST 4 ARG:51 21 27 54 98 44 0 56 31 10 14 26 78 43 83 74 71 20 33 73 72 60 47 9 94 84 88 5 7 95 38 24 23 11 36 45 86 67 30 92 40 57 69 12 80 99 34 68 46 49 29 58 16 66 81 13 75 28 22 41 35 48 52 50 79 82 90 32 63 53 62 64 18 19 77 37 76 96 91 70 1 65 97 55 87 4 15 3 59 61 93 39 42 85 25 6 2 89 8 17
TEST 4 ARG:51 21 27 54 98 44 0 56 31 10 14 26 78 43 83 74 71 20 33 73 72 60 47 9 94 84 88 5 7 95 38 24 23 11 36 45 86 67 30 92 40 57 69 12 80 99 34 68 46 49 29 58 16 66 81 13 75 28 22 41 35 48 52 50 79 82 90 32 63 53 62 64 18 19 77 37 76 96 91 70 1 65 97 55 87 4 15 3 59 61 93 39 42 85 25 6 2 89 8 17
TEST 5 ARG:95 93 90 37 87 71 43 3 2 85 39 33 4 81 31 63 0 23 67 26 82 29 41 74 79 60 6 28 92 62 83 16 78 15 32 42 77 65 18 48 58 69 55 14 75 61 98 9 97 80 52 47 13 59 89 30 27 40 96 38 45 36 44 24 84 21 91 94 53 5 50 66 35 73 68 72 10 1 11 22 34 25 64 8 54 7 51 19 70 99 88 49 57 12 17 20 46 86 76 56
TEST 6 ARG:9 17 62 65 53 33 85 22 82 30 88 3 95 80 28 55 87 48 91 72 92 94 43 21 38 57 46 29 39 84 5 71 51 4 89 90 75 35 69 34 14 32 67 79 18 76 12 0 26 64 83 6 47 11 49 86 52 45 27 40 24 50 93 1 56 78 15 20 44 58 2 73 77 7 36 37 19 98 59 70 63 25 13 61 74 31 60 66 99 41 23 10 54 81 97 96 68 8 16 42
TEST 7 ARG:59 45 76 31 79 83 36 40 54 66 80 20 86 44 21 94 0 58 26 63 16 7 12 30 11 29 48 5 27 34 50 52 89 64 74 35 61 4 92 62 47 75 88 22 43 93 82 23 38 67 55 6 9 95 51 14 49 53 19 41 68 56 71 37 1 2 85 57 8 97 32 28 77 24 33 46 87 90 78 18 70 69 25 15 98 73 13 65 39 81 96 91 60 10 72 3 84 17 42 99
TEST 8 ARG:85 12 46 89 68 70 88 1 30 37 72 97 14 22 61 63 26 54 24 41 48 83 9 99 59 74 29 21 51 78 16 84 34 2 87 71 66 11 13 82 28 67 80 65 20 43 81 40 23 0 91 6 10 19 36 3 95 60 4 94 38 15 17 18 79 53 52 57 7 96 47 93 76 64 56 25 69 90 55 44 33 5 27 32 8 77 35 39 73 86 98 62 50 49 31 58 45 92 75 42
TEST 9 ARG:34 85 8 72 70 67 36 7 26 5 91 49 43 77 1 27 98 0 9 58 68 90 53 79 74 38 46 42 94 11 55 32 51 99 88 75 14 16 24 81 62 33 45 30 48 84 83 35 4 29 15 56 6 59 86 96 18 20 13 47 87 12 2 95 60 40 89 21 50 63 76 52 37 82 31 23 97 78 41 10 57 64 28 66 80 44 54 19 73 39 17 3 61 69 92 71 93 25 22 65
TEST 10 ARG:81 86 73 65 63 19 70 84 67 2 66 64 60 9 98 33 80 41 21 31 46 28 91 8 74 99 52 11 58 61 23 17 7 37 57 13 54 49 20 18 55 35 43 32 68 76 59 89 93 40 5 90 6 72 51 78 97 24 14 0 25 30 12 77 56 16 96 34 95 69 22 47 42 50 85 94 38 62 82 4 45 3 26 27 53 71 10 79 39 1 92 48 15 44 87 83 29 36 75 88
TEST 11 ARG:95 52 75 65 78 83 97 23 88 59 31 7 14 56 89 67 69 51 38 55 22 85 44 18 64 13 2 61 0 54 33 21 81 5 47 39 1 60 4 41 20 71 45 27 98 86 72 36 99 70 94 3 76 79 80 48 49 25 30 46 77 11 15 28 91 42 82 53 63 16 10 74 57 8 43 17 66 19 62 9 24 6 50 87 29 34 40 84 73 58 96 68 93 26 92 37 90 12 32 35
TEST 12 ARG:63 48 59 94 78 91 44 74 28 58 67 33 32 20 37 26 82 7 8 27 92 84 64 97 15 96 86 18 2 16 66 88 65 71 45 6 50 22 76 72 95 12 53 41 17 13 85 36 25 29 4 42 38 87 89 55 35 0 1 75 51 80 5 3 47 81 49 62 10 46 24 14 98 57 40 31 23 73 54 69 70 52 39 34 21 77 56 61 83 9 11 99 43 19 30 90 93 68 60 79
TEST 12 ARG:63 48 59 94 78 91 44 74 28 58 67 33 32 20 37 26 82 7 8 27 92 84 64 97 15 96 86 18 2 16 66 88 65 71 45 6 50 22 76 72 95 12 53 41 17 13 85 36 25 29 4 42 38 87 89 55 35 0 1 75 51 80 5 3 47 81 49 62 10 46 24 14 98 57 40 31 23 73 54 69 70 52 39 34 21 77 56 61 83 9 11 99 43 19 30 90 93 68 60 79
TEST 13 ARG:10 22 56 12 7 32 19 11 31 3 49 47 24 72 75 27 26 41 98 62 84 39 61 29 65 4 92 50 5 71 42 83 64 54 23 0 37 68 66 30 99 63 28 76 15 48 38 25 34 1 73 58 80 89 79 95 59 6 93 52 96 82 87 67 69 97 45 74 43 70 13 40 9 81 55 44 77 53 8 86 20 2 90 46 78 57 14 88 91 21 33 85 35 18 60 17 16 94 51 36
TEST 14 ARG:86 83 31 74 2 88 67 80 38 17 70 22 66 77 4 14 57 33 37 8 64 49 52 35 54 43 87 93 41 73 61 92 48 13 59 99 40 10 45 75 46 98 71 89 68 36 34 60 95 9 85 81 5 18 27 16 53 72 28 11 6 84 62 26 76 20 24 90 25 0 23 50 58 32 65 12 63 1 51 91 56 94 69 3 30 19 78 96 29 79 39 15 82 44 21 7 42 55 47 97
TEST 15 ARG:79 44 15 68 5 41 55 66 87 72 82 38 42 69 93 57 90 25 20 89 47 29 6 85 97 7 96 99 43 52 92 10 95 23 26 88 64 45 33 77 18 1 73 49 2 14 37 22 30 24 61 50 12 54 98 94 70 51 81 58 65 35 13 74 8 39 59 71 3 62 0 9 32 60 67 91 78 19 48 83 36 11 86 16 40 84 31 27 28 34 63 17 21 80 53 4 75 46 76 56
TEST 16 ARG:78 26 2 42 84 92 49 22 95 91 69 12 34 29 79 31 99 4 33 32 94 40 41 77 3 1 15 8 52 62 61 98 6 51 58 18 93 57 66 73 16 76 55 28 37 59 89 24 86 88 23 27 80 68 10 63 85 54 17 56 30 21 35 53 83 38 0 75 13 43 14 46 47 44 90 70 65 45 60 9 36 82 96 64 50 19 5 71 87 81 72 67 48 39 11 74 97 25 20 7
TEST 17 ARG:12 41 11 61 63 44 94 49 85 38 90 77 26 84 86 10 55 25 83 95 78 34 17 42 66 97 65 99 16 93 13 7 1 60 74 50 73 59 70 39 52 24 68 9 43 23 2 3 21 79 28 18 40 32 0 29 69 8 45 51 46 22 76 37 91 96 98 36 71 14 57 89 27 33 4 75 19 5 64 56 58 67 30 35 20 48 6 53 81 54 82 31 47 15 87 72 92 80 88 62
TEST 18 ARG:76 30 15 48 40 46 37 62 6 42 33 49 19 89 96 32 8 86 5 31 75 78 71 16 60 65 28 68 23 24 67 12 26 80 38 0 35 1 72 43 45 87 93 18 55 91 70 56 77 82 4 74 98 41 27 53 57 29 14 94 97 10 63 99 47 52 22 25 92 21 59 51 11 36 17 61 90 2 66 85 95 79 20 13 50 69 81 3 58 9 84 34 39 54 83 88 7 64 44 73
TEST 19 ARG:69 61 39 21 26 50 77 9 72 91 78 0 13 64 29 1 32 30 43 18 86 85 70 93 87 80 55 99 19 36 51 38 82 16 66 3 28 94 95 63 60 34 75 14 52 37 5 96 79 8 7 4 45 20 2 46 57 74 56 12 98 71 68 10 25 88 58 90 42 65 31 11 27 6 97 44 54 84 73 48 47 24 76 41 67 62 40 81 92 53 35 89 33 49 83 23 15 17 59 22
TEST 20 ARG:96 26 63 54 24 72 4 16 49 99 2 17 37 11 8 34 38 66 28 14 98 7 82 86 44 21 55 31 52 91 71 41 67 42 45 35 50 74 83 61 65 88 39 68 13 90 95 20 64 48 22 81 3 53 78 77 97 25 62 93 59 60 40 46 75 9 80 47 58 73 15 19 56 84 76 51 43 69 89 5 12 79 85 70 1 23 92 32 57 30 6 0 87 29 33 94 36 27 10 18
TEST 21 ARG:77 66 4 13 49 26 55 63 33 86 90 2 41 94 70 56 79 80 85 15 20 46 52 93 88 83 71 35 36 12 50 54 7 25 32 89 11 34 31 22 8 78 18 6 98 60 96 43 5 14 1 30 81 17 40 75 59 61 65 95 68 3 39 82 72 16 51 44 64 21 87 74 29 58 47 73 53 48 10 91 42 97 37 38 67 57 24 23 0 92 28 45 62 76 27 19 99 69 9 84
TEST 22 ARG:98 78 90 63 6 38 72 71 67 66 23 50 95 74 52 33 59 73 89 39 70 48 40 76 41 47 28 83 14 85 53 27 12 77 45 44 34 11 2 65 22 16 21 68 55 8 13 94 7 56 69 96 91 54 4 36 64 25 26 30 51 82 58 75 57 81 31 17 1 15 5 37 80 79 88 42 92 0 29 93 46 32 60 62 84 35 86 19 18 24 49 99 20 3 97 10 9 61 87 43
TEST 23 ARG:10 69 4 29 57 19 47 90 38 46 35 76 20 32 33 71 54 28 48 75 3 88 2 73 44 42 68 64 41 66 15 7 39 23 5 83 21 6 16 70 99 53 37 96 1 12 34 52 24 40 58 26 95 50 56 78 45 27 59 63 61 14 11 60 77 43 89 31 79 92 36 8 25 85 98 87 74 86 18 94 30 81 0 13 91 9 72 17 22 62 51 93 84 67 80 97 49 65 55 82
TEST 23 ARG:10 69 4 29 57 19 47 90 38 46 35 76 20 32 33 71 54 28 48 75 3 88 2 73 44 42 68 64 41 66 15 7 39 23 5 83 21 6 16 70 99 53 37 96 1 12 34 52 24 40 58 26 95 50 56 78 45 27 59 63 61 14 11 60 77 43 89 31 79 92 36 8 25 85 98 87 74 86 18 94 30 81 0 13 91 9 72 17 22 62 51 93 84 67 80 97 49 65 55 82
TEST 24 ARG:15 36 7 50 57 70 42 65 30 60 4 22 13 16 17 38 54 49 11 56 61 43 64 18 89 86 27 51 46 94 73 68 41 9 33 53 35 80 72 83 96 20 98 78 3 71 8 44 39 85 10 76 31 25 28 12 59 48 91 75 92 67 37 5 87 1 90 55 95 19 63 97 58 88 66 32 23 52 24 2 79 14 99 0 82 21 84 74 69 47 45 77 34 6 29 62 93 26 40 81
TEST 24 ARG:15 36 7 50 57 70 42 65 30 60 4 22 13 16 17 38 54 49 11 56 61 43 64 18 89 86 27 51 46 94 73 68 41 9 33 53 35 80 72 83 96 20 98 78 3 71 8 44 39 85 10 76 31 25 28 12 59 48 91 75 92 67 37 5 87 1 90 55 95 19 63 97 58 88 66 32 23 52 24 2 79 14 99 0 82 21 84 74 69 47 45 77 34 6 29 62 93 26 40 81
TEST 25 ARG:24 75 84 38 92 45 82 81 52 29 89 18 69 56 13 77 37 98 51 11 96 7 21 72 42 80 91 22 34 15 67 54 28 65 26 55 79 86 99 48 2 8 49 73 30 46 32 97 68 10 19 60 20 63 27 35 41 16 33 44 87 25 23 78 4 95 31 83 1 58 17 57 76 47 88 9 61 36 62 90 85 70 6 59 71 64 0 39 5 40 93 3 66 94 53 74 14 43 50 12
TEST 25 ARG:24 75 84 38 92 45 82 81 52 29 89 18 69 56 13 77 37 98 51 11 96 7 21 72 42 80 91 22 34 15 67 54 28 65 26 55 79 86 99 48 2 8 49 73 30 46 32 97 68 10 19 60 20 63 27 35 41 16 33 44 87 25 23 78 4 95 31 83 1 58 17 57 76 47 88 9 61 36 62 90 85 70 6 59 71 64 0 39 5 40 93 3 66 94 53 74 14 43 50 12
